Id,SalePrice
1461,126150.60754779336
1462,166891.08451715007
1463,193576.08322775934
1464,199752.59836658783
1465,191324.82192173062
1466,174249.53439714492
1467,168246.98436934547
1468,169475.72880689934
1469,183843.57726970027
1470,122630.34114647357
1471,200960.11680034202
1472,94864.79426700807
1473,96666.1512299619
1474,150624.14879986053
1475,120336.35892935676
1476,380517.2400943721
1477,258265.50334003897
1478,301970.6583512655
1479,288666.5212532998
1480,455961.1105421904
1481,313415.43391071615
1482,208775.33001626297
1483,167890.06832963997
1484,167744.6949336195
1485,172560.1260939811
1486,192705.94110851857
1487,330969.7706457267
1488,229472.9121406885
1489,216578.22750321464
1490,250408.27123458614
1491,181839.1546379053
1492,95459.54452910648
1493,178244.60970813705
1494,272437.4948488445
1495,278080.2788228132
1496,254295.06396461462
1497,179961.85503229004
1498,167989.89772635352
1499,165862.70931177988
1500,163394.42261837877
1501,177729.19774179882
1502,156327.61546858892
1503,307147.4957376627
1504,240678.41837487108
1505,229290.74977971974
1506,181177.5006991639
1507,260436.06693526305
1508,187113.26869654757
1509,161442.70696783933
1510,152275.898392265
1511,147249.40207758592
1512,177790.99914704272
1513,146657.93036011848
1514,160922.78587992277
1515,187086.96848242963
1516,142930.92133875168
1517,169886.72811500757
1518,133968.1837027045
1519,224086.5616118334
1520,137743.568877597
1521,137921.37511145245
1522,168497.12951018618
1523,112795.04729260749
1524,115164.96976079738
1525,122325.01085213006
1526,111725.21600222825
1527,110966.5355609072
1528,124248.3399828299
1529,158723.58806117406
1530,165784.8407147135
1531,122637.52380427212
1532,88048.10740622309
1533,155265.3946172086
1534,115590.10664819533
1535,148061.39331683898
1536,108569.85905562871
1537,81498.64041645416
1538,151183.72610372212
1539,206840.1242314654
1540,90135.62400410717
1541,135154.65105666273
1542,133139.96831943933
1543,190315.047247269
1544,84493.42157598308
1545,105380.52776482525
1546,138258.64563303706
1547,132777.58944178518
1548,134945.28103769282
1549,112170.16191392082
1550,140563.91983515793
1551,102788.35536994846
1552,139771.97751518554
1553,132566.06414017902
1554,116952.83892348662
1555,161395.7577429159
1556,83602.94850993746
1557,111025.6411097439
1558,100006.74558301167
1559,91868.14599071034
1560,125313.70628023958
1561,133262.61749628946
1562,130294.49860110236
1563,125273.76319905365
1564,162555.33417237585
1565,157937.6913910392
1566,229480.36750415282
1567,80028.72875770916
1568,246863.18774383847
1569,140817.6658092224
1570,141596.6647439584
1571,131346.03537301015
1572,151249.98888571264
1573,255613.38805669322
1574,124515.268748089
1575,228165.02749970282
1576,240350.0682062924
1577,200735.9557608598
1578,139508.75209933482
1579,148114.42912727443
1580,187057.85659835086
1581,168355.35558591675
1582,128558.5672583004
1583,303454.170958819
1584,225788.32620844265
1585,141099.31025017455
1586,79171.82484797447
1587,94712.56747685035
1588,163342.38471337248
1589,90040.37915727345
1590,129797.06842744185
1591,92296.15537425439
1592,117524.95666484631
1593,122492.89376079218
1594,140950.79224855418
1595,101570.93403702088
1596,230768.47336905773
1597,184968.62693499686
1598,199837.73633150634
1599,182608.87220439623
1600,178438.0134403708
1601,63242.97449485527
1602,118507.93097119067
1603,77621.50740740873
1604,267469.38876863336
1605,245766.265896118
1606,158758.63286210084
1607,170070.06324110506
1608,223257.05091233653
1609,197255.60316773664
1610,168288.9154245795
1611,136646.01609486793
1612,182474.47391962106
1613,165758.05264252413
1614,119772.22857901547
1615,91075.42990525074
1616,70213.67377853964
1617,90145.86851515221
1618,130097.19034904306
1619,134748.50444114988
1620,160886.00164068365
1621,134279.62345731794
1622,141456.19802461652
1623,267651.42513963586
1624,214921.78244936749
1625,113806.07369374814
1626,165912.88782103267
1627,186030.1807341723
1628,295127.97073068994
1629,183622.32723248462
1630,346959.9895582198
1631,213523.0000873481
1632,230804.50196673724
1633,176100.1967386744
1634,192650.68244347826
1635,179984.80152062484
1636,159103.36202855626
1637,195161.24184753446
1638,197578.64335582228
1639,179400.30429205575
1640,249640.65987368417
1641,172831.03239098834
1642,236958.39540102027
1643,213702.39733997456
1644,231299.09358147337
1645,197404.4491554945
1646,158505.4122437761
1647,152287.86350738246
1648,134920.63370364095
1649,143509.22237626198
1650,118294.18954566644
1651,117757.92530142266
1652,92901.01341459948
1653,99454.0029047957
1654,144785.6949541532
1655,141343.2302961559
1656,147476.87394973094
1657,149847.5022429912
1658,149925.74142750207
1659,126889.75013735674
1660,158724.6056344682
1661,446861.77144087554
1662,400145.58380760223
1663,398285.83512219717
1664,419079.5932308762
1665,343592.20195496595
1666,317108.61454500724
1667,381702.51980294683
1668,364778.93702722964
1669,327080.54068977095
1670,346601.7497694143
1671,242072.6336155412
1672,453159.4496506213
1673,287767.71952429507
1674,241763.0756631639
1675,193942.78838501216
1676,202461.33215024436
1677,218252.78080574863
1678,400829.3622340011
1679,393622.1406147039
1680,337307.93199589517
1681,262566.09609949874
1682,300379.5296938267
1683,183886.1707747947
1684,171767.90117082902
1685,174473.80755786196
1686,166901.77458077992
1687,160353.76765438297
1688,185582.49038498718
1689,191867.3306886356
1690,194200.4814852449
1691,183276.7248286186
1692,272425.13485166227
1693,169822.3158153793
1694,188125.7207856617
1695,162089.52972976494
1696,272416.00011393754
1697,170803.41536352516
1698,339063.47678425675
1699,297584.357905796
1700,234405.20851426024
1701,257169.25807042973
1702,247662.78375734546
1703,243108.1224358814
1704,284146.4211363451
1705,242657.78389161165
1706,378016.8058090819
1707,226841.4416814301
1708,216830.68954155693
1709,299263.01897874684
1710,228805.36760093877
1711,250922.23222263742
1712,256227.33504094
1713,271215.6284182698
1714,219700.39092673716
1715,215868.6301883671
1716,189956.6438257731
1717,174843.12659211006
1718,131923.06142996857
1719,192375.39251214117
1720,230534.76824482353
1721,161084.87502575328
1722,116859.3945707021
1723,161882.1124650445
1724,217883.63697181066
1725,248235.7234157932
1726,195134.1258711062
1727,156424.4820623871
1728,164051.94303261687
1729,165113.83167311308
1730,159303.30920920728
1731,117184.55853772323
1732,131411.62139776465
1733,119685.22188786759
1734,117421.16372060447
1735,121557.02538228172
1736,119840.46038353162
1737,300890.23687456886
1738,224100.06071170606
1739,268114.4175640363
1740,215360.81609288868
1741,205912.90065159593
1742,174035.20661907873
1743,168987.60373140953
1744,298263.2968532165
1745,207883.89269241382
1746,182891.63167819157
1747,225005.2382359515
1748,227703.82753980317
1749,154443.1687877044
1750,134716.04840946425
1751,251272.67937870667
1752,119517.2192363918
1753,151222.16988285744
1754,191678.69205458945
1755,175203.4953711294
1756,125664.81951475216
1757,123180.8633278739
1758,146071.74536967836
1759,159352.94485233843
1760,172281.93206803306
1761,150628.5727599748
1762,187456.60197223377
1763,169140.27660208903
1764,116117.50964047307
1765,174880.07160898496
1766,182576.14220274612
1767,216781.93715693266
1768,149487.57643759274
1769,166881.30099129284
1770,148416.29314934913
1771,126231.14589554485
1772,138496.49437681172
1773,137677.64573671654
1774,132165.59038930427
1775,145250.74330586358
1776,117901.25770016658
1777,115596.66042566202
1778,146743.73574094244
1779,123907.0282533878
1780,161964.23249739542
1781,127445.72335858276
1782,98277.3053372579
1783,158014.22359371724
1784,115021.81184305495
1785,120420.320518767
1786,157457.75004991118
1787,176302.30410016704
1788,63166.494843981374
1789,99267.98847749243
1790,91236.50084050713
1791,181482.71422963662
1792,164622.83630128036
1793,126977.38895862264
1794,152373.58056472527
1795,133868.9073698621
1796,138979.2845931831
1797,111759.38584943894
1798,126073.60736998738
1799,112788.5532945608
1800,141119.56346723984
1801,140052.0815787649
1802,135363.00636060926
1803,146571.00615985878
1804,144195.2812167728
1805,140262.74548033264
1806,114864.35442767575
1807,138587.90458355553
1808,112141.31413840911
1809,117351.08826944682
1810,136456.71375977393
1811,98568.10595706453
1812,95197.69120784439
1813,120825.21393880289
1814,94091.88278202622
1815,51809.96293368704
1816,95562.16187844114
1817,118940.73601514811
1818,155025.99473630928
1819,129260.35030437837
1820,54706.22290921566
1821,127118.63953716632
1822,151060.3554462087
1823,49513.65978772592
1824,137575.08916889297
1825,135743.18067301007
1826,104939.2813635403
1827,101380.7402956408
1828,139307.55039957422
1829,116652.51064614585
1830,133129.42171940804
1831,138671.24115857977
1832,80742.95753206173
1833,134617.84501898498
1834,132080.4504017897
1835,116641.45808072192
1836,126750.96162880471
1837,89987.84734904596
1838,124349.7965177322
1839,104006.67680288482
1840,173940.45126074116
1841,147316.37436742336
1842,85821.06918071686
1843,134378.64661083327
1844,139483.1036485568
1845,140868.23115328627
1846,149797.96884663845
1847,181003.51140594337
1848,47811.86000163696
1849,109923.19926061477
1850,111880.11749512583
1851,160746.68551360103
1852,125378.29246992203
1853,141343.89323702222
1854,164399.13986425727
1855,150396.28004838174
1856,213517.71397784894
1857,157850.85049439757
1858,141698.2611505609
1859,119367.46888112644
1860,158308.93687262185
1861,120248.49707468724
1862,253175.7711635689
1863,235639.02244690858
1864,235639.02244690858
1865,387151.1435417951
1866,367562.5201734938
1867,251509.8272742331
1868,280424.92267468135
1869,208626.9977568324
1870,231130.55977261165
1871,255126.82291275
1872,170910.20923244543
1873,235632.37450124876
1874,147778.39795507002
1875,207364.5533989584
1876,198262.86307690543
1877,219834.3125726576
1878,201516.76937835745
1879,136902.03438135798
1880,134240.62329297996
1881,247202.15191592323
1882,250439.33851656358
1883,187915.30313327888
1884,195622.67759823572
1885,239462.9903956784
1886,288348.3242740043
1887,212406.0581582199
1888,271499.85649643
1889,164956.92923000877
1890,124267.45965590456
1891,138988.9794180487
1892,103576.38488838148
1893,128555.07239719802
1894,123768.08563981108
1895,135701.39036882666
1896,126038.95896012284
1897,113361.5341488923
1898,116487.97424899836
1899,164991.71436480485
1900,151363.5256342916
1901,173282.86189320122
1902,150335.2231467247
1903,195034.57092018914
1904,141485.2797171177
1905,201472.68242356207
1906,161945.9328254948
1907,200307.61196669238
1908,107192.64382448305
1909,127686.70656005401
1910,116150.53255519769
1911,185051.10243863738
1912,302015.6841545234
1913,171680.66129692202
1914,62550.03310981716
1915,347627.9949618648
1916,65152.31689367628
1917,252105.76057941106
1918,140356.04957809043
1919,170920.20419570708
1920,149466.5347617198
1921,434331.1123748569
1922,333496.94903731975
1923,235424.12269598595
1924,218700.85990660367
1925,199438.3882848457
1926,396555.6850856291
1927,130777.48887073036
1928,155325.63633882406
1929,128669.9915404034
1930,131614.46455971533
1931,143373.1405475976
1932,135087.64857489488
1933,186678.266997213
1934,176110.6134812975
1935,171062.08371536693
1936,190369.45562123205
1937,182246.4272522358
1938,176885.09841774474
1939,246210.61282705973
1940,191580.0017174912
1941,174436.2155338276
1942,175190.3872511379
1943,204687.5834821693
1944,361385.6522685374
1945,395350.6718210125
1946,153432.70879148622
1947,327851.9268629713
1948,166427.62467680528
1949,251311.6646722738
1950,179255.9687794501
1951,261257.2612225432
1952,197137.88827373018
1953,160205.50194873926
1954,186509.5459112288
1955,133217.18522983557
1956,285416.1168319266
1957,156791.28765089402
1958,315276.32514315913
1959,143082.62612032826
1960,120586.42049363567
1961,125160.87789004372
1962,98611.64425643638
1963,104569.11123770237
1964,107085.97285374123
1965,146487.89136045094
1966,136689.04525948144
1967,294851.0786828406
1968,419156.9996182822
1969,393549.47059993015
1970,453449.5589519949
1971,434707.3769244071
1972,381117.60996564885
1973,272671.4964534311
1974,328114.3775847443
1975,425639.49910967355
1976,274964.20117615646
1977,351592.1048093764
1978,345641.1508853772
1979,326335.6747201887
1980,196663.7800201874
1981,338197.78242805623
1982,230736.01803404733
1983,208715.26667529438
1984,158399.6858837798
1985,231603.81687646508
1986,205813.02303977284
1987,179976.62399945396
1988,178526.62506837738
1989,191102.1012621532
1990,207037.59513766118
1991,243344.12040954875
1992,212396.79930586673
1993,158347.59893951693
1994,229447.7761242288
1995,181821.9629117196
1996,247951.9246312309
1997,318605.5319421638
1998,346430.55807222164
1999,271515.2927880777
2000,301070.5098445603
2001,249773.66360176157
2002,246136.83681711182
2003,269079.5932626423
2004,259101.33906943028
2005,229847.4290483891
2006,234817.23697425166
2007,242868.31119352803
2008,223512.1828112638
2009,204169.97347458734
2010,181555.43855056787
2011,125425.60756948982
2012,167683.3551164153
2013,187357.80097640556
2014,180782.76975092886
2015,199637.7681292396
2016,194918.71571463707
2017,190421.38782834142
2018,123478.82823052543
2019,137829.1028341664
2020,102846.4116929823
2021,111164.07514696068
2022,181084.1946798256
2023,140680.54971708453
2024,246386.17907480485
2025,339754.9547330728
2026,171756.81804697818
2027,155564.48722842304
2028,150220.25637770828
2029,167937.6429566792
2030,252088.9325871941
2031,246439.67390768396
2032,264928.418798092
2033,246649.4879762227
2034,165629.9197636894
2035,221841.4542427249
2036,181213.4735046216
2037,187663.1402567666
2038,274507.4736076307
2039,227456.25143589277
2040,327444.5867897329
2041,306931.54382840113
2042,204420.1460707005
2043,179646.5166700273
2044,166545.67864316166
2045,211352.55793689558
2046,147635.5794710173
2047,151527.98070634468
2048,141845.6361219014
2049,132785.61841577632
2050,172205.79102912458
2051,109737.0343431956
2052,124019.01353450568
2053,147471.61940742616
2054,101883.36267533833
2055,159448.27947919397
2056,144641.04417645052
2057,115750.29921045022
2058,220230.0723997977
2059,137952.95612581598
2060,178679.83147829864
2061,173930.63472921366
2062,127852.25926709431
2063,111844.70445755143
2064,142504.74443560542
2065,120175.70505890143
2066,165346.91335744862
2067,110608.97173812032
2068,129874.04851716066
2069,87001.21901951307
2070,111408.50214829526
2071,109087.74049979461
2072,140868.23458663508
2073,145450.4651916785
2074,182133.77189775152
2075,144413.59587989628
2076,121405.48358204815
2077,151035.48504173482
2078,129686.14249055518
2079,132500.5049964089
2080,112907.72199136078
2081,124460.41853409234
2082,129760.57343087453
2083,144051.66990348048
2084,112764.7661944977
2085,128751.41615068413
2086,140835.72262260006
2087,117968.28888706287
2088,99275.87833980407
2089,75769.07242970662
2090,131009.08149228425
2091,109746.34408329532
2092,127978.34366167293
2093,126803.1471650656
2094,107765.56526441443
2095,147133.0598141775
2096,81674.13504816497
2097,104796.1958784295
2098,145524.85147998843
2099,61592.68333114148
2100,82458.91847664687
2101,108510.44562714985
2102,122294.9870323487
2103,103953.12195387462
2104,131448.7988614645
2105,122434.66646442813
2106,67892.07318782643
2107,209309.2001139982
2108,110708.13247222925
2109,109277.4183247132
2110,148258.81538691965
2111,138062.8786595289
2112,142796.80985601593
2113,122062.61984031966
2114,118168.88124322859
2115,160998.32644257435
2116,120193.09401631352
2117,158234.3994405809
2118,126361.50879473193
2119,113999.37644130524
2120,117168.9979805669
2121,91394.33187912137
2122,118396.75397976188
2123,91198.97057882743
2124,162348.44887853955
2125,126534.85439996904
2126,160971.55678269672
2127,129223.64369886406
2128,131441.3880757343
2129,90339.24221743464
2130,136260.10592607263
2131,157981.92626884542
2132,108039.02140529646
2133,120910.00803896999
2134,123981.80262114495
2135,95840.3487717637
2136,73737.37370257157
2137,121811.147865987
2138,125483.26267527192
2139,143592.6144274777
2140,142815.4766888412
2141,143529.96802897693
2142,127652.50813055944
2143,142877.33982485093
2144,127440.0785715264
2145,137710.92161822531
2146,157341.3224965688
2147,136445.25896667445
2148,121728.239932106
2149,150121.23555533012
2150,204723.34964538674
2151,110830.41821810165
2152,163778.40136029763
2153,165584.38629116194
2154,113420.70774340845
2155,145067.5979751607
2156,261966.88556044566
2157,232219.88405536005
2158,235856.6997746301
2159,201257.83843239094
2160,167254.09295969384
2161,236359.34228384524
2162,401335.13952497276
2163,366406.85641668364
2164,245074.8007445453
2165,194922.39470870275
2166,151588.5716074577
2167,224528.3039001982
2168,197151.6964229389
2169,199894.64801976716
2170,214790.09650242177
2171,156324.1779174264
2172,136078.77490599174
2173,170214.37520416587
2174,222065.67499168694
2175,304124.6058562662
2176,320305.86167263146
2177,243410.76866507268
2178,214936.59550827622
2179,137442.24354023175
2180,207846.57045834404
2181,188255.84319585955
2182,220514.11006906006
2183,192848.80671106628
2184,119764.86466176642
2185,117114.45153970522
2186,144532.32236244724
2187,149255.2589412415
2188,152141.02122797692
2189,271441.39172834245
2190,89893.42580949384
2191,91379.54992671407
2192,95613.6755556051
2193,98743.39540101794
2194,104850.51661096334
2195,107699.74388915405
2196,110331.79957134713
2197,122404.19600046438
2198,148655.39394507703
2199,167252.11625864438
2200,149223.7650545252
2201,141533.93683174014
2202,200230.04182050982
2203,146032.0758571666
2204,192381.80553803378
2205,110214.66796444867
2206,140736.4901713675
2207,214129.55124904696
2208,247043.79010753968
2209,228895.3994257096
2210,129104.37494490924
2211,114699.34017630792
2212,121941.25840102416
2213,108061.95564273586
2214,131139.3824857012
2215,102218.76499367379
2216,137467.04175448816
2217,75243.88936018695
2218,89816.06205809546
2219,68554.20866508057
2220,77368.84186403592
2221,354588.8872727522
2222,287540.41527291085
2223,303521.36255321075
2224,210955.37588597447
2225,126310.58352346974
2226,193579.80131200943
2227,198681.9913580703
2228,267488.9379473055
2229,246827.24295493815
2230,163950.73494561377
2231,216465.0555304123
2232,174516.28283270705
2233,175236.7919006805
2234,251909.26565627626
2235,233012.52113228058
2236,261744.00141421388
2237,329239.69899601594
2238,210111.2138234131
2239,108498.76438259646
2240,163371.387131264
2241,156314.83264496425
2242,120648.07045288022
2243,124630.2657608443
2244,101240.42072951437
2245,98692.19052208065
2246,141291.35629759292
2247,102615.64668738366
2248,128324.40490659121
2249,130649.5465662749
2250,129784.6262084353
2251,115863.75108324335
2252,173474.30560511895
2253,155306.685021352
2254,181438.51496731563
2255,186932.27102054417
2256,172238.08490641686
2257,218732.8213645766
2258,153632.32306139191
2259,179690.240792326
2260,154152.55044332155
2261,179349.52249880668
2262,215304.19968102273
2263,381398.9751951368
2264,428207.09136987524
2265,171626.94527976183
2266,312438.95212365605
2267,373970.84514725476
2268,414307.8696173106
2269,149520.85934542108
2270,195609.33830382564
2271,225312.71845516755
2272,201185.7393805135
2273,162285.50342470786
2274,185102.68285489068
2275,161282.86792834025
2276,189438.207571112
2277,182104.25511729164
2278,147176.4288070841
2279,138180.0365781644
2280,120659.8049901457
2281,176039.38312169176
2282,195115.2762743613
2283,101777.98713719858
2284,120485.96423456774
2285,138671.96134746424
2286,125939.44933655238
2287,376755.69249543466
2288,277417.8829665496
2289,391796.4312938237
2290,445525.2301467149
2291,310109.8838723941
2292,443811.6310865018
2293,471086.21501538483
2294,407807.1749380489
2295,425224.6947469959
2296,286265.89138271473
2297,324304.82197069074
2298,331726.23934499116
2299,377859.44626232586
2300,318030.86576432973
2301,282703.6405877095
2302,247874.48435543047
2303,225015.9238897258
2304,234903.00312812356
2305,195444.35936704918
2306,191630.32009208633
2307,189930.86814724567
2308,222843.97132763325
2309,283902.0732939336
2310,217014.91549980265
2311,194877.81291448898
2312,182971.78825186798
2313,170327.13431460183
2314,168861.61741316685
2315,176054.87099603537
2316,198388.41834769523
2317,184899.18985209617
2318,181480.1389185028
2319,178451.59331377348
2320,177072.4745849791
2321,242596.82639606795
2322,173885.06949198377
2323,180819.8696104096
2324,172876.1027021565
2325,208528.48531132384
2326,162786.62623804962
2327,200229.00303503466
2328,223185.2437208827
2329,195677.98869302793
2330,187690.36933139953
2331,353637.602004284
2332,388203.2924395948
2333,327915.01057181775
2334,248020.08254136288
2335,270733.40885401686
2336,331676.19275862013
2337,214042.8743006733
2338,277754.10418353986
2339,216521.4862927439
2340,401994.0917036395
2341,231032.25546520035
2342,227566.78454152704
2343,225917.7876355428
2344,216304.01059525157
2345,230753.72099438458
2346,217773.30342287518
2347,207584.5194263432
2348,236573.82665356057
2349,207867.47476659802
2350,279570.2514477529
2351,256505.89512943968
2352,252260.0750362671
2353,265242.53387814655
2354,137120.03182395684
2355,141856.29338822092
2356,157449.93078241855
2357,195860.49946000794
2358,194353.2235214935
2359,131023.85464387294
2360,115878.26571124292
2361,143418.55286948432
2362,261349.29958580434
2363,132514.04885755805
2364,144211.77336130437
2365,221843.52143014866
2366,185506.5707325437
2367,213964.75961948087
2368,208657.43302004383
2369,196175.23582206908
2370,177663.5007734297
2371,173813.31591281638
2372,195450.5013300206
2373,282977.5356946557
2374,303758.5088044986
2375,255797.09518175357
2376,292579.95511002454
2377,335236.0700104589
2378,160051.37838888873
2379,200002.18879058107
2380,145186.76415206946
2381,163907.57558429107
2382,199987.4027027337
2383,194497.90788938382
2384,235477.19897305366
2385,157775.38310478348
2386,136535.31948161524
2387,138442.58583875233
2388,110305.83450226704
2389,121002.52951272804
2390,157221.8672492268
2391,147839.18993821996
2392,113211.8265162172
2393,170607.39195413058
2394,149320.31834914297
2395,210828.21025622525
2396,151485.61791354805
2397,215297.21868346081
2398,134221.19908117296
2399,61129.453882197995
2400,53780.90853900077
2401,118288.96923150995
2402,142030.04954109195
2403,129221.39410173551
2404,162432.5193680154
2405,157606.4475628016
2406,145809.39716357476
2407,122026.95052315237
2408,140140.74600736308
2409,128215.77251427488
2410,165151.1921898417
2411,116014.53666115119
2412,156492.5410836532
2413,131079.83070348596
2414,147213.34292465952
2415,128433.78226585723
2416,120253.35739200006
2417,133347.8651965547
2418,132435.0394344341
2419,123480.130683161
2420,125826.16322179913
2421,146581.73938969395
2422,112229.71880796227
2423,111149.26174222336
2424,165642.9070997977
2425,249579.91681900332
2426,138301.32985228463
2427,135154.76299177093
2428,168950.388666533
2429,120734.79697185138
2430,133135.97810869932
2431,117276.36857116406
2432,156568.7752398615
2433,153528.66681159977
2434,134932.24383514273
2435,163183.78932868966
2436,112856.08242186077
2437,112692.82622246766
2438,125670.81475802061
2439,115404.48530549169
2440,115761.94803964002
2441,88768.7708887458
2442,96446.46355061552
2443,123765.7331142953
2444,134566.19101341726
2445,92727.21996519083
2446,133220.6933206563
2447,195033.88068285788
2448,146991.83421914233
2449,105418.5676118145
2450,132401.42662994086
2451,125859.17162570429
2452,182793.846562615
2453,90734.48954777654
2454,131929.49148260837
2455,128978.30797391341
2456,140008.79930789632
2457,140919.3974621234
2458,125223.7739085994
2459,113189.29573531281
2460,135277.85506622266
2461,130867.62895076581
2462,145967.48972101032
2463,123409.8932911685
2464,170968.6944801965
2465,138265.06015138657
2466,119867.94780993645
2467,136995.4792691407
2468,83225.70842064342
2469,76139.09041151423
2470,193252.22581182834
2471,192701.10882590886
2472,156658.21041054672
2473,113539.8342992759
2474,86318.13936804402
2475,204927.08138706008
2476,119796.56454398113
2477,129783.79399331186
2478,149462.3005446503
2479,103098.67084339836
2480,157734.61055525666
2481,121649.40115061938
2482,136714.91806774313
2483,115083.35273959128
2484,122518.1300680151
2485,127601.27866839955
2486,163496.4912611592
2487,201154.04077499907
2488,159753.91708871833
2489,159101.91311390398
2490,157910.93147700763
2491,95423.0669297905
2492,164511.76185142965
2493,158219.25588018156
2494,145982.80667060945
2495,87186.43827021142
2496,255063.42182399594
2497,149355.37052499916
2498,105121.87363358957
2499,86788.93189987086
2500,138301.08210117885
2501,138537.62322260265
2502,150958.951146216
2503,97790.72520728377
2504,163811.58091252687
2505,223062.10062196347
2506,251357.64388602506
2507,301646.3058754089
2508,252085.85657629027
2509,212371.6949057657
2510,223482.56697740415
2511,173009.90193037505
2512,209089.09235558068
2513,214872.08960133579
2514,262883.71533493605
2515,140490.5492665966
2516,175583.0919190726
2517,147954.63299615032
2518,150508.27877503182
2519,234468.74348243218
2520,210165.33552776452
2521,186004.68176072653
2522,220902.66319839584
2523,120486.68305079997
2524,143048.23062618947
2525,141771.81194600256
2526,131937.69811842905
2527,113848.37907055521
2528,134540.68250067992
2529,134702.27979669935
2530,120552.92663705471
2531,252887.2021383943
2532,221952.47054354462
2533,192844.90721876622
2534,221933.89648700645
2535,306473.3147741481
2536,234074.65421552473
2537,243007.72519277153
2538,183440.73723557408
2539,183016.88125331732
2540,179981.10778370476
2541,178148.26100559288
2542,171176.8679850507
2543,135028.4935585347
2544,114166.89425443664
2545,129016.5766486309
2546,115978.31755654982
2547,138369.73692223825
2548,157080.29359374958
2549,169855.18710758357
2550,275016.55883119634
2551,143226.5173451294
2552,124676.92448889546
2553,79395.75294144436
2554,104258.3961749166
2555,124260.86722078733
2556,102783.95754642438
2557,105011.81039696567
2558,162758.41716046262
2559,139161.4754783877
2560,145868.5057724539
2561,140663.5824684347
2562,145305.97021281935
2563,143204.22977875813
2564,188029.64043890333
2565,150699.48468799685
2566,184873.3243827589
2567,127157.83862478906
2568,200961.89852191132
2569,212956.70403800928
2570,117393.65759017324
2571,187919.20820198688
2572,142305.4425853595
2573,201669.82242570195
2574,246782.02998767787
2575,130679.72110752604
2576,115230.32017006917
2577,145935.05628314667
2578,88244.33381445312
2579,56370.44682144903
2580,121459.68952532083
2581,120984.85457809996
2582,111837.04992525367
2583,267313.4915347957
2584,169729.0550370288
2585,210189.42842335443
2586,220516.8984494665
2587,196604.18570759727
2588,143342.18273467396
2589,148759.35529548518
2590,208360.3742659946
2591,227360.56511384342
2592,209954.45338563313
2593,280486.9091397918
2594,166003.21172693957
2595,202357.83846731248
2596,302371.68065960205
2597,184014.39570549916
2598,292927.67630086653
2599,322661.3520961739
2600,182428.36026527127
2601,143135.48505640044
2602,74207.6134368843
2603,86819.06034818731
2604,93980.35718187457
2605,74814.56887879614
2606,154430.16697116412
2607,189518.9103129125
2608,205992.75379597265
2609,168754.45006718556
2610,112036.89445853153
2611,123496.33091703468
2612,162201.99113712725
2613,136388.3068734371
2614,128063.90144753127
2615,150138.42562221107
2616,151878.29239216895
2617,193398.69729963987
2618,224559.70026569854
2619,185140.3957892223
2620,192948.52787520108
2621,178220.6262495308
2622,188012.3595723733
2623,251538.98548355224
2624,306490.3388288884
2625,282617.01132272143
2626,172050.11095863945
2627,161238.5274280951
2628,466835.1136367484
2629,486635.7906424253
2630,375096.22079816856
2631,441017.3562122467
2632,438969.4254742033
2633,315263.6867130712
2634,404408.18982129905
2635,155427.27192628625
2636,176945.4382442797
2637,182107.1522181913
2638,250903.87620397733
2639,188835.0831515148
2640,155922.39619895458
2641,108506.28157646292
2642,205788.99792515248
2643,99541.03900652236
2644,123013.3903173641
2645,106244.3394916318
2646,90227.38865764739
2647,101938.74897055894
2648,139142.53203406685
2649,156245.28487097393
2650,134325.9046545198
2651,144669.0141832766
2652,395845.282188483
2653,243605.30312305392
2654,257153.9371895534
2655,374637.81793425366
2656,334867.6828900261
2657,353714.6971159788
2658,284763.4774597784
2659,300148.33563251677
2660,350669.9997385504
2661,373266.77356783184
2662,370644.730076621
2663,273020.7393436725
2664,276120.41209303506
2665,319045.0291492967
2666,283157.1589329195
2667,159901.7237818918
2668,175789.82757448088
2669,177789.63563382044
2670,278003.06187526585
2671,183333.38976283482
2672,189849.40681542514
2673,216856.0247367688
2674,208136.35725096983
2675,177543.4159958933
2676,183593.22086422105
2677,192214.28702531036
2678,245406.21228514233
2679,269378.0994455655
2680,283295.86419684306
2681,414226.6063216701
2682,314652.3478360094
2683,494795.9896124027
2684,317179.9006899674
2685,299705.1252818713
2686,236349.5061212083
2687,316362.7597632273
2688,207933.3146736955
2689,204023.81390353065
2690,400207.0285360735
2691,198022.03528884886
2692,126752.64784320102
2693,199793.90344481647
2694,117552.470123604
2695,179492.6588574274
2696,175525.10132430293
2697,181695.4288625263
2698,200074.62504029865
2699,180538.9972198545
2700,156435.96057947323
2701,148624.9364716674
2702,113309.97499694483
2703,126125.97269184927
2704,138767.33402604944
2705,118799.1144799402
2706,117253.17846765474
2707,120597.56849304927
2708,134780.22779016703
2709,105752.26723302808
2710,128356.62973763965
2711,261478.66297440196
2712,337449.3305651498
2713,172813.80111893258
2714,150502.10697622015
2715,168789.3444112544
2716,148416.06578187883
2717,180977.51263780528
2718,218711.1928247282
2719,168262.69132725443
2720,168759.55610853553
2721,135390.98851153985
2722,170686.60495499155
2723,140969.36449801378
2724,129443.67219604114
2725,132256.08098793938
2726,151345.7616602226
2727,182919.46234601975
2728,175372.69056184965
2729,159330.2875317271
2730,148894.02211743247
2731,127530.07004852413
2732,137165.77367940336
2733,150358.60443063854
2734,157044.36044483658
2735,136649.3455138457
2736,150002.8496075912
2737,123110.02611562853
2738,130338.42065545524
2739,159830.81635641985
2740,137575.44020575428
2741,147973.66320878582
2742,157742.78221134385
2743,150742.21441219555
2744,166273.41517465303
2745,140498.57862836335
2746,142847.74275096584
2747,149246.53728402196
2748,123579.69765076849
2749,139930.34539152906
2750,141963.89423050443
2751,142645.2077465339
2752,212151.52868408567
2753,148304.28107249312
2754,238176.60534798578
2755,130621.2111024074
2756,102510.98166390513
2757,73187.84327219662
2758,95418.24707218746
2759,147353.41795629996
2760,125980.22989527731
2761,149734.04839508192
2762,148291.50344836767
2763,183693.81990043024
2764,149468.86792582436
2765,269651.3403667033
2766,131055.7492603602
2767,89178.80569233518
2768,131045.32022096973
2769,138468.49700657098
2770,133748.63438779942
2771,104927.16747498172
2772,112834.59946820544
2773,166739.09400879935
2774,126518.39590260608
2775,130539.97583344384
2776,134117.5459687636
2777,132231.95358689007
2778,107888.31855185023
2779,132645.76545309785
2780,94268.16917487256
2781,96575.95765710053
2782,94150.00899816722
2783,94538.17413293368
2784,125287.87822449414
2785,135234.96173181842
2786,67710.75595005105
2787,121558.36685080256
2788,70693.55827336496
2789,168422.9691843951
2790,100056.22128801273
2791,112945.59283267253
2792,59009.679531079455
2793,176702.9517133337
2794,109774.39844395088
2795,126350.01702056461
2796,98181.6359394365
2797,196449.7734432527
2798,115535.07187777488
2799,111136.25798781651
2800,69781.51303976594
2801,103082.38564668766
2802,134021.6474690033
2803,169704.17918265617
2804,141951.72315931247
2805,102401.1164187486
2806,80557.12645893783
2807,157622.7303528862
2808,152600.48320658164
2809,136893.89065539904
2810,130766.48749544259
2811,169405.22343278548
2812,154695.2826724158
2813,153082.83924757436
2814,141470.1187438125
2815,101607.35026479796
2816,225083.68787749534
2817,163623.20415642214
2818,136207.84481449466
2819,164999.1420533868
2820,135450.70080001486
2821,120210.078940585
2822,193399.6315207993
2823,299842.45943343744
2824,180569.8116702697
2825,160332.02693270045
2826,127854.46084917759
2827,135361.92603639228
2828,229532.71441319867
2829,208088.4187286046
2830,217311.63851637777
2831,175914.81575323222
2832,251638.67209614956
2833,302833.8252808496
2834,210539.19721737338
2835,216560.4461567147
2836,185232.24802464223
2837,152398.12074667006
2838,143798.1890391267
2839,176720.09074834886
2840,198101.00670802992
2841,202871.08593584568
2842,230235.23084692727
2843,151709.76092972487
2844,171574.92068160325
2845,118557.26913406847
2846,212348.60820668703
2847,208691.20787976997
2848,216726.67850987494
2849,192749.88725163997
2850,285407.10565185046
2851,213514.86801237206
2852,225623.16091276065
2853,240210.10883687102
2854,141180.286025194
2855,209456.21617764098
2856,191600.12576433973
2857,178735.61428926038
2858,201979.10442896464
2859,131467.4368587492
2860,124209.82707243467
2861,133163.91533384603
2862,187847.7208778722
2863,113119.90203681242
2864,246075.92040031494
2865,143802.84391388902
2866,133730.84221688076
2867,99183.97469145083
2868,101959.77025394652
2869,104970.08844588463
2870,133111.01274104026
2871,89557.95967134504
2872,49673.52165586596
2873,104874.6135898322
2874,134552.84762732306
2875,115353.74499897298
2876,167275.51819667843
2877,142933.16422261336
2878,164317.32529088686
2879,142873.00348671223
2880,100705.81939082679
2881,144564.59033580375
2882,187561.48588117713
2883,194753.1907464874
2884,203265.06390003438
2885,185153.27375998299
2886,237534.3857907771
2887,91533.64429332696
2888,133232.96552793973
2889,48827.05876398293
2890,82556.1563897043
2891,138336.98999878683
2892,48781.73197549174
2893,92482.74198753084
2894,54939.75371364587
2895,321425.15444157785
2896,279164.6628887308
2897,203057.47443685116
2898,141938.6631108977
2899,211233.1811647989
2900,155824.7112291805
2901,208112.44462656722
2902,196839.1739277178
2903,318470.2917811858
2904,354409.4033107187
2905,105287.01432578628
2906,199115.35922616674
2907,107824.986324277
2908,142510.47007612957
2909,140479.44940144313
2910,77830.58680684326
2911,74633.97967586096
2912,144521.27319334864
2913,76664.6056368897
2914,71837.3540551838
2915,80175.3941591935
2916,79346.34361160376
2917,163031.67924565304
2918,113650.18086401408
2919,215177.22741816155
